epoch,train_loss,train_acc,val_loss,val_acc
0,0.6150011580299448,0.6674,0.7574552518350107,0.5440
1,0.5653823095339315,0.7316,0.6607298696482623,0.6262
2,0.5292967615856065,0.7723,0.7814858909006472,0.5197
3,0.5018544274347799,0.8025,0.7117604083485074,0.5787
4,0.48610526764834366,0.8171,0.7373091887544703,0.5648
5,0.4574314226154928,0.8500,0.8010836685145343,0.5093
6,0.4437180964483155,0.8646,0.7452621393733554,0.5370
7,0.4006372044483821,0.9096,0.5120318300194211,0.7870
8,0.3854920185274548,0.9272,0.4739875285713761,0.8287
9,0.3732632241315312,0.9404,0.4690550102127923,0.8356
10,0.3692955156719243,0.9442,0.5219631228182051,0.7812
11,0.35978505650052317,0.9554,0.48338472070517363,0.8137
12,0.3563363452752431,0.9588,0.4834382854126118,0.8218
13,0.3514894724444107,0.9637,0.48203580688547204,0.8229
14,0.34757314401644246,0.9679,0.4625046838212896,0.8461
15,0.3464391979354399,0.9695,0.46734977872283373,0.8414
16,0.3462144144707256,0.9695,0.46800656230361376,0.8391
17,0.34633566439151764,0.9692,0.46859274639023674,0.8391
18,0.34501606943430724,0.9696,0.47109795830867907,0.8333
19,0.34333033169861193,0.9714,0.4690680139594608,0.8380
20,0.34559408878838577,0.9695,0.47428852209338435,0.8333
21,0.3431071216861407,0.9722,0.46920623823448465,0.8403
22,0.34382180704010856,0.9716,0.4726651940080855,0.8299
23,0.3439973004990154,0.9714,0.46849712508696095,0.8356
24,0.34389001269031455,0.9701,0.47130458884769016,0.8322
Early stopping
Training complete in 1m 6s
Test Acc: 0.8576
