epoch,train_loss,train_acc,val_loss,val_acc
0,0.5370893776416779,0.7535,0.8431140515539381,0.6898
1,0.41258921060297227,0.8970,0.7583915878225256,0.7315
2,0.36464828473550304,0.9462,0.35334809290038216,0.9583
3,0.34240548147095573,0.9722,0.4886148781688125,0.8889
4,0.34243483896608706,0.9688,0.4269311052781564,0.9259
5,0.3383055837066085,0.9734,0.3481321125118821,0.9537
6,0.32833195284560873,0.9867,0.36680288005758216,0.9259
7,0.3222147115954646,0.9890,0.33098906499368175,0.9815
8,0.31837288980130796,0.9965,0.3330286851635686,0.9769
9,0.32062797413931954,0.9936,0.33046499446586325,0.9815
Training complete in 0m 19s
Test Acc: 0.9861
