epoch,train_loss,train_acc,val_loss,val_acc
0,0.6733132843618039,0.5463,0.6938987859973201,0.7130
1,0.5941532342522232,0.7164,0.6877263784408569,0.7222
2,0.5372218898049107,0.7975,0.7692667444547018,0.7269
3,0.5022707736050641,0.8362,0.5951624910036722,0.7315
4,0.4630549527980663,0.8733,0.5541913818430018,0.8102
5,0.4410457765614545,0.9051,0.5144974324438307,0.8148
6,0.4201020355577822,0.9242,0.5099194800412213,0.8611
7,0.40597416515703555,0.9329,0.49678440557585823,0.8519
8,0.39863277364660193,0.9444,0.5037889988334091,0.8519
9,0.39121407711947404,0.9525,0.501821498076121,0.8565
10,0.3909569239174878,0.9549,0.4951617596326051,0.8657
11,0.3854592674308353,0.9595,0.49995754493607414,0.8611
12,0.3825682611377151,0.9606,0.4941560957166884,0.8750
13,0.3806248605251312,0.9641,0.4975697022897226,0.8611
14,0.37697615998762624,0.9647,0.4955492063804909,0.8704
15,0.3811129188096082,0.9601,0.49590352950272737,0.8657
16,0.3770776965000011,0.9635,0.4953195165704798,0.8657
17,0.3752726945612166,0.9693,0.4953822449401573,0.8611
18,0.37910554585633455,0.9653,0.4945432919043082,0.8704
19,0.3774216384799392,0.9664,0.49667542069046583,0.8704
20,0.3787716605045177,0.9630,0.5000580571315907,0.8611
21,0.38008078822383173,0.9641,0.4978989175072423,0.8657
22,0.3788782137411612,0.9659,0.502483707887155,0.8657
23,0.37836931369922777,0.9647,0.5005227559142642,0.8565
Early stopping
Training complete in 0m 34s
Test Acc: 0.9074
