epoch,train_loss,train_acc,val_loss,val_acc
0,0.6084203521410624,0.6794,0.6473654133302195,0.6412
1,0.5148729748196073,0.7866,0.5398483784110458,0.7593
2,0.45938556972477174,0.8484,0.4947975344128079,0.8090
3,0.4232294738844589,0.8879,0.5059415929847293,0.8032
4,0.4019754548315649,0.9073,0.48935836332815663,0.8148
5,0.38259206381109023,0.9291,0.48264516834859494,0.8229
6,0.36824775211237093,0.9440,0.4764439132478502,0.8333
7,0.3463379020492236,0.9673,0.46952313515875077,0.8368
8,0.3394340044922299,0.9748,0.46494424784625016,0.8391
9,0.3347406806769194,0.9795,0.4621570618064315,0.8449
10,0.3319392869317973,0.9828,0.4621650278568268,0.8472
11,0.3312746711351253,0.9837,0.4676287924801862,0.8310
12,0.3288016501400206,0.9857,0.4660366729453758,0.8368
13,0.32775563112011663,0.9868,0.46789945717211123,0.8391
14,0.32757581880799047,0.9870,0.468929519255956,0.8333
15,0.32664235432942706,0.9877,0.4704732994238536,0.8287
16,0.32720158801034643,0.9873,0.4705396603654932,0.8275
17,0.32759902543491787,0.9871,0.4681179302710074,0.8368
18,0.32685300404274903,0.9874,0.46721388344411496,0.8368
19,0.32636440324562566,0.9878,0.4683935818848787,0.8310
20,0.3261802077845291,0.9877,0.4705356812035596,0.8310
21,0.32635347986662827,0.9880,0.4689405781251413,0.8275
Early stopping
Training complete in 1m 30s
Test Acc: 0.8345
