Loading checkpoint ./results_classifier/resnet18_20231119-152229/checkpoint.pt at epoch 9
epoch,train_loss,train_acc,val_loss,val_acc
0,0.6865289787451426,0.9062,0.7530726313591003,0.8500
1,0.6814441998799642,0.9115,0.7520295937856039,0.8500
2,0.6820314387480418,0.9031,0.749163548151652,0.8250
3,0.6737878739833831,0.9167,0.747753377755483,0.8583
4,0.6759688675403595,0.9125,0.749238133430481,0.8500
5,0.6731359163920084,0.9104,0.7430754621823629,0.8417
6,0.6682174464066823,0.9292,0.7429248412450155,0.8500
7,0.6643140057722727,0.9240,0.7485513687133789,0.8500
8,0.6687024076779683,0.9208,0.7490599433581034,0.8500
9,0.6604721367359161,0.9417,0.7428255558013916,0.8417
Training complete in 5m 43s
Test Acc: 0.8083
