epoch,train_loss,train_acc,val_loss,val_acc
0,0.6247074206670126,0.6513,0.7880128114311783,0.5116
1,0.5180669261349572,0.7833,0.7925875959572969,0.5162
2,0.4821193405875453,0.8275,0.6910347607400682,0.6019
3,0.46072715355290306,0.8461,0.6257819047680607,0.6713
4,0.42306680259881196,0.8860,0.6925955083635118,0.6042
5,0.41489402673862597,0.8958,0.704022431815112,0.5903
6,0.41117769810888505,0.9010,0.5614197099650348,0.7431
7,0.37391278865160765,0.9392,0.4751769569185045,0.8310
8,0.35751129079748084,0.9580,0.4376438293192122,0.8704
9,0.35110024831913134,0.9635,0.46592708428700763,0.8426
10,0.3440687181773009,0.9714,0.4452100340966825,0.8611
11,0.33877386152744293,0.9789,0.4402057362927331,0.8657
12,0.3388298457419431,0.9766,0.4498731184888769,0.8588
13,0.33561611230726596,0.9803,0.441157642338011,0.8727
14,0.3340278405834127,0.9821,0.4390702247619629,0.8727
15,0.33342787513026484,0.9829,0.4383944460639247,0.8750
16,0.33475742406315273,0.9806,0.4391873026335681,0.8750
17,0.33390874829557204,0.9821,0.4395542972617679,0.8750
18,0.33237925668557483,0.9829,0.4401461857336539,0.8727
19,0.33336479741114156,0.9821,0.44082941280470955,0.8727
20,0.3313288109170066,0.9838,0.4396750341962885,0.8657
21,0.3325573614350072,0.9821,0.4402191638946533,0.8750
Early stopping
Training complete in 0m 44s
Test Acc: 0.8912
