epoch,train_loss,train_acc,val_loss,val_acc
0,0.6023239300206855,0.6927,0.5878865023454031,0.7095
1,0.525244131822277,0.7773,0.5062906278504266,0.8021
2,0.48309048168637136,0.8203,0.47137509672730055,0.8310
3,0.44835559002779146,0.8560,0.4630751676029629,0.8438
4,0.4239242699135233,0.8853,0.4772593478361766,0.8264
5,0.4111539347580186,0.8987,0.44635121689902413,0.8565
6,0.3887844669322173,0.9216,0.4566029994576066,0.8438
7,0.36918546976866545,0.9427,0.43352484703063965,0.8738
8,0.35269070195930974,0.9599,0.4319258619237829,0.8727
9,0.34692077628440326,0.9669,0.4319459751800255,0.8692
10,0.342922894353116,0.9708,0.4297308734169713,0.8773
11,0.3398649801534635,0.9748,0.4338312524336356,0.8704
12,0.3392445122202237,0.9745,0.4377580980459849,0.8704
13,0.33392329210484467,0.9803,0.4398636254999373,0.8646
14,0.3333115184472667,0.9812,0.4371154573228624,0.8646
15,0.33186881906456417,0.9826,0.43593758675787186,0.8657
16,0.33242165780177824,0.9819,0.4362427470860658,0.8657
17,0.3308592248294089,0.9832,0.4349347209488904,0.8704
18,0.33079011200202835,0.9835,0.4350680344634586,0.8762
19,0.3305677955073339,0.9839,0.4354465294767309,0.8669
20,0.3340365516918677,0.9800,0.43548392366479943,0.8646
21,0.3307334892451763,0.9838,0.4377714307219894,0.8773
Early stopping
Training complete in 1m 39s
Test Acc: 0.8866
